22.0 8.48528137423857 8.485281374238571 0
21.351838753333585 7.584028359985932 9.809693371232083 34.8307333915472
20.347704913859786 7.432850286809199 9.996423879365121 -0.41456089592182366
19.343658585520572 7.2837371512261875 10.178883293604262 -0.43283540272086185
18.339875806816828 7.1363688847347895 10.357877718605907 -0.43288208543839346
17.3363512260004 6.990750611307708 10.533432717267823 -0.4328779019286344
16.33307904417417 37.380537652363664 10.705571529248441 -0.43287092408506567
15.881572522657434 6.158043800701183 13.079669830018178 34.83073302528588
14.875346158402339 33.87603891824694 13.516449517209676 -0.43285174989542696
14.636414858209767 31.497841312139563 14.89210791434837 34.83073302529493
14.659657521438616 29.75518815180691 13.417941689169673 34.830733025316775
14.997711145549955 28.510803788434128 12.306274654020292 34.83073302537716
15.750629413564129 27.68370296916307 11.491687819136795 34.83073302545732
17.10530733385749 11.67347700574141 10.937090832047021 34.83073302549529
